# Created by Octave 4.2.1, Thu Oct 05 00:03:33 2017 CEST <oscarbadiko@Windows10>
# name: initialTheta
# type: matrix
# rows: 3
# columns: 3
 0 0 0
 0 0 0
 0 0 0


